constants: A = 2, J = 2.467401, E Z^2 = 0.522764, c0 = -log(A^2/(4 pi^2)) + 1 + E Z^2 = 3.812224, c1 = c0 - 1/2 + (J-2)/(pi^2 e^2) = 3.318633
validity threshold of Phi0: k >= pi^2 e^2 r^2 = 72.9271 r^2
k	rho	W-rho^2(DP)	vT	Phi0	valid(k>=pi^2e^2r^2)	DP-vT	vT-Phi0
100000	0.0000	26.243932	7.309290	6.807931	1	18.9346	0.5014
100000	1.0000	25.243962	6.513272	5.997001	1	18.7307	0.5163
100000	2.0000	22.244544	5.952817	5.421636	1	16.2917	0.5312
100000	3.0000	17.254004	5.521367	4.975349	1	11.7326	0.5460
100000	4.0000	10.523336	5.171471	4.610706	1	5.3519	0.5608
100000	5.0000	6.213967	4.877820	4.302405	1	1.3361	0.5754
100000	6.0000	5.665321	4.625311	4.035342	1	1.0400	0.5900
100000	8.0000	5.087667	4.207847	3.589055	1	0.8798	0.6188
100000	10.0000	4.654667	3.871661	3.224412	1	0.7830	0.6472
100000	12.0000	4.308650	3.591471	2.916110	1	0.7172	0.6754
100000	17.8314	3.580469	2.975193	2.219692	1	0.6053	0.7555
100000	26.4965	2.888087	2.364821	1.494663	1	0.5233	0.8702
100000	39.3724	2.241517	1.781367	0.748997	0	0.4602	1.0324
100000	58.5053	1.657028	1.247723	-0.011237	0	0.4093	1.2590
100000	86.9358	1.153139	0.789106	-0.781604	0	0.3640	1.5707
100000	129.1820	0.744247	0.430044	-1.558946	0	0.3142	1.9890
100000	191.9576	0.442031	0.182662	-2.341054	0	0.2594	2.5237
100000	233.9952	0.329133	0.097871	-2.733398	0	0.2313	2.8313
1000000	0.0000	33.095193	9.590360	9.110575	1	23.5048	0.4798
1000000	1.0000	32.095196	8.784229	8.299645	1	23.3110	0.4846
1000000	2.0000	29.095255	8.213688	7.724281	1	20.8816	0.4894
1000000	3.0000	24.096212	7.772225	7.277994	1	16.3240	0.4942
1000000	4.0000	17.125204	7.412398	6.913351	1	9.7128	0.4990
1000000	5.0000	9.586649	7.108904	6.605050	1	2.4777	0.5039
1000000	6.0000	7.927020	6.846636	6.337987	1	1.0804	0.5086
1000000	8.0000	7.323731	6.409903	5.891700	1	0.9138	0.5182
1000000	10.0000	6.873505	6.054766	5.527057	1	0.8187	0.5277
1000000	12.0000	6.510541	5.755922	5.218755	1	0.7546	0.5372
1000000	17.8314	5.733877	5.086816	4.522337	1	0.6471	0.5645
1000000	26.4965	4.972367	4.401698	3.797307	1	0.5707	0.6044
1000000	39.3724	4.228703	3.714004	3.051642	1	0.5147	0.6624
1000000	58.5053	3.509163	3.037333	2.291408	1	0.4718	0.7459
1000000	86.9358	2.823512	2.386271	1.521040	1	0.4372	0.8652
1000000	129.1820	2.184229	1.777347	0.743699	0	0.4069	1.0336
1000000	191.9576	1.606211	1.229966	-0.038409	0	0.3762	1.2684
1000000	233.9952	1.346756	0.986347	-0.430753	0	0.3604	1.4171
DP >= vT at every table point: PASS
vT >= Phi0 at every valid table point: PASS
min over the grid k in {1e3,1e4,1e5}, rho in [0,40] step 1/4 (valid points) of vT - Phi0: 0.501359 at k = 100000, rho = 0.00
