N 14: cell, s_j, leaves, depth, smallest margin, code
0 3121/5000 1 0 1.8902303557630634234520039394213586860 0
1 309/500 1 0 1.7686095799951288612438640353238993205 0
2 3029/5000 1 0 1.5999102964834424860071268719734303781 0
3 5879/10000 1 0 1.3877765097098978964242360607994907222 0
4 353/625 1 0 1.1379519965375688936883333695532600494 0
5 5373/10000 1 0 0.85737123502145114727359314305866824532 0
6 253/500 1 0 0.55070210628024693582309484563546051732 0
7 2359/5000 1 0 0.22166670783003542004704076455659431170 0
8 871/2000 2 1 0.30095064725990274117221845483712216251 1
9 199/500 2 1 0.028477047202989172534957208113210969957 1
10 3601/10000 4 2 0.10024724216164281784835833654264903401 19
11 1613/5000 7 3 0.012893271282885573947435432483915507919 1227
12 2861/10000 11 4 0.014309304487643312595585741710845189563 314151
13 2513/10000 18 5 0.0068386317374993560448559033532331428066 5153171023
14 273/1250 32 5 0.0057473480370076636828363858073512967235 1380113932199283871
15 47/250 51 6 0.0017458573267882095144220763085110531224 379362829027192677197354519711
16 801/5000 65 7 0.0011162259631146904518685932132557107445 110529200230075741541673742610051406143
17 169/1250 67 7 0.00072399651212550438041565135022959530549 1631166027408019500143629019570765601087
18 1129/10000 64 6 0.012266207026592383334816883109620020711 25458608499841125675830090752109353279
19 467/5000 64 6 0.024264548339686364183391340803827184266 25458608499841125675830090752109353279
20 191/2500 64 6 0.030033526866518123245586034637618282714 25458608499841125675830090752109353279
21 31/500 64 6 0.034357693777685340569842586327894754941 25458608499841125675830090752109353279
22 497/10000 64 6 0.028412258464702614914868292034739677867 25458608499841125675830090752109353279
23 79/2000 64 6 0.0040791561222136384419214093598242938645 25458608499841125675830090752109353279
24 311/10000 93 7 0.0015749545925757885196004943106639051047 7337944304208373489075160711979605376373585955912233599
25 121/5000 128 7 0.20231423493371056103248984074949773645 8663115558839460662834107038584249281567296941925835957216867859106897670783
26 187/10000 128 7 0.15478081582606184013997035149872835714 8663115558839460662834107038584249281567296941925835957216867859106897670783
27 71/5000 128 7 0.046640016767010317936790907769007327569 8663115558839460662834107038584249281567296941925835957216867859106897670783
total leaves 1128
