author_cells 0 1
author_cells 1 1
author_cells 2 1
author_cells 3 1
author_cells 4 1
author_cells 5 1
author_cells 6 1
author_cells 7 1
author_cells 8 2
author_cells 9 2
author_cells 10 4
author_cells 11 7
author_cells 12 11
author_cells 13 18
author_cells 14 32
author_cells 15 51
author_cells 16 65
author_cells 17 67
author_cells 18 64
author_cells 19 64
author_cells 20 64
author_cells 21 64
author_cells 22 64
author_cells 23 64
author_cells 24 93
author_cells 25 128
author_cells 26 128
author_cells 27 128
author_cert 1128 7 0.000723999
author_grid1 0.089149 1.6998
author_grid2 0.959638 2.8000
author_phi28 0.382663
author_phimax 0.839962
author_vT 100000 0.0000 7.309290 6.807931 1
author_vT 100000 1.0000 6.513272 5.997001 1
author_vT 100000 2.0000 5.952817 5.421636 1
author_vT 100000 3.0000 5.521367 4.975349 1
author_vT 100000 4.0000 5.171471 4.610706 1
author_vT 100000 5.0000 4.877820 4.302405 1
author_vT 100000 6.0000 4.625311 4.035342 1
author_vT 100000 8.0000 4.207847 3.589055 1
author_vT 100000 10.0000 3.871661 3.224412 1
author_vT 100000 12.0000 3.591471 2.916110 1
author_vT 100000 17.8314 2.975193 2.219692 1
author_vT 100000 26.4965 2.364821 1.494663 1
author_vT 100000 39.3724 1.781367 0.748997 0
author_vT 100000 58.5053 1.247723 -0.011237 0
author_vT 100000 86.9358 0.789106 -0.781604 0
author_vT 100000 129.1820 0.430044 -1.558946 0
author_vT 100000 191.9576 0.182662 -2.341054 0
author_vT 100000 233.9952 0.097871 -2.733398 0
author_vT 1000000 0.0000 9.590360 9.110575 1
author_vT 1000000 1.0000 8.784229 8.299645 1
author_vT 1000000 2.0000 8.213688 7.724281 1
author_vT 1000000 3.0000 7.772225 7.277994 1
author_vT 1000000 4.0000 7.412398 6.913351 1
author_vT 1000000 5.0000 7.108904 6.605050 1
author_vT 1000000 6.0000 6.846636 6.337987 1
author_vT 1000000 8.0000 6.409903 5.891700 1
author_vT 1000000 10.0000 6.054766 5.527057 1
author_vT 1000000 12.0000 5.755922 5.218755 1
author_vT 1000000 17.8314 5.086816 4.522337 1
author_vT 1000000 26.4965 4.401698 3.797307 1
author_vT 1000000 39.3724 3.714004 3.051642 1
author_vT 1000000 58.5053 3.037333 2.291408 1
author_vT 1000000 86.9358 2.386271 1.521040 1
author_vT 1000000 129.1820 1.777347 0.743699 0
author_vT 1000000 191.9576 1.229966 -0.038409 0
author_vT 1000000 233.9952 0.986347 -0.430753 0
author_p2const 2.467401 0.522764 3.812224 3.318633
author_vTgridmin 0.501359 100000 0.00
author_B 1000 4 3.0515 3.2370 1.4018
author_B 10000 4 7.6566 9.5525 7.8840
author_B 100000 4 12.2618 16.0532 14.4679
author_B 316228 4 14.5644 19.3347 17.7850
author_B 1000000 4 16.8670 22.6296 21.1147
author_B 1.e7 4 21.4721 29.2484 27.8041
author_B 1.e8 5 25.6310 35.8868 34.5243
author_B 1.e10 5 34.8414 49.3860 48.0296
author_B 1.e15 5 57.8672 83.3041 82.0137
author_B 1.e20 5 80.8931 117.3423 116.1654
author_T0 4 14.799706 14.500005
author_eps145 0.080446
author_C3 174194.667 0.02107
author_scanmin 1.137607 2.959e21
author_v0 2.548029 -0.524858 15.288171
author_ratios 1.6380 2.1448 2.5481 2.8086 2.9010
referee_table 6242 6180 6058 5879 5648 5373 5060 4718 4355 3980 3601 3226 2861 2513 2184 1880 1602 1352 1129 934 764 620 497 395 311 242 187 142
referee_phi28ub 0.38266328967782309925016751937488208287195679339797
referee_grid1 1.0891492864993732081651707841281333363295479038299 1.6997500000000000000000000000000000000000000000000
referee_grid2 1.9596383396912330990311496586039406446868162752050 2.8000000000000000000000000000000000000000000000000
referee_grid3 2.50000000000
referee_kstar 1.6550000000000000000000000000000000000 7.1598023336482743198155871615808078662 0.14700795501983107515161562552538147737
referee_krho 1.6000000000000000000000000000000000000 7.1425562124366449378719574642233862521 0.16097932212302164373620629046380088273
referee_krho 1.6500000000000000000000000000000000000 7.1597461990328211638420389350313995436 0.14821535780805727807533507106031059752
referee_krho 1.7000000000000000000000000000000000000 7.1468947437160776044605016547525334567 0.13666303169355562927378910871991302116
referee_J 2.4674011002723396547086227499690377838284248518101976566033373440550112056048013
referee_EZ2 0.52276386419463116178229762765551222209846313595536094256846107817994836563544980
referee_c1 3.3186327945303754208677590952849104080277163039893936335854615971015458053292415
referee_JEZ2 1.2898681336964528729448303332920503784378998024135968754711164587400149408064017
referee_logA -2.2894597716988003482868547027061174232945896258306231430272461429442755397696522
referee_qmax 0.42888194248035339824009482063938623906039930387628514699987097405897499200915011
referee_dmin 0.66093905361118965121475876072593217880066756388020404372884333485468539540653087
referee_eps145 0.080446336000304902312236600428396625889203971119941471550989909496260357648990806 0.095310179804324860043952123280765092220605365308644199185239808163001014235884233
referee_crudestep 2.9191637528781298495405212121297656771088435279707616385150031262942897304820872
referee_s0022 0.021067961292602404170109492453561508781546014505104116672002758383911547386294106
referee_T0 355713 14.499999838062971800505067943364916513007846070998496412402304311571800886077174 14.500005365914485764915479483542593416828984440516592703036817430162991609816194
referee_atT0 14.799705740494663879638107645852302281270476114238056687926156378463760082759643 3.8470385675860677390883344699065750481407707156304453265282348181300868625825941 3.8665856693727362060532322532685913286833234183408371362876862236425157204881077
referee_C2lhs 156517.72000000000000000000000000000000000000000000000000000000000000000000000000
referee_C3rhs 2509.9180584230344826420881298086497497145775807448909660825647073402138714680186
referee_FT0 174194.66680523239521975580563680869344818675044157784554234277249792419900273139
referee_B0T0 20.037897864050677565425993141204656937870447244450672883984759804835805755951056 19.670890962683387408466607219382331030533431263854522441915786377908819336513723
referee_dF1000 0.27448753490081501406176000507274172213632275681528594246528108683379150003106671
referee_BT 100000 16.053195883463945085083279440420428220746092307903638295000046564182541574100388 12.261797660592693615640538908725854252355811102868652283542543150780219145600652
referee_BT 355713 19.670890962683387408466607219382331030533431263854522441915786377908819336513723 14.799705740494663879638107645852302281270476114238056687926156378463760082759643
referee_BT 1000000 22.629622166813142080235902005464373125633846551608891933286421592214749703824907 16.866967846580784983676521818094582667558014080126198235609198952715364364955357
referee_BT 10000000 29.248397334252068098099871929053287425845712468115848343462158786429645727969326 21.472138032568876351712504727463311082760217057383744187675854754650509584310061
referee_BT 10000000000 49.386016642943289432078901337435887769212941809145356266834237735273042730601056 34.841361487904730944287863274949827321617623818060367616533246415481161754837640
referee_ratio 6 1.6379866724337427574906303645969919279005501723975821546943562393222203982334601
referee_ratio 10 2.1448074511212427989485087670624115023164154942360874086185166705414724833649054
referee_ratio 20 2.5480549323028563379988067631231952038144032035237008058219285299436402492461666
referee_ratio 50 2.8086359716967896496028695203425582183558743251626726791018277333286264456332958
referee_ratio 100 2.9010181756995118232171390786359251226898920597591130934564907892617007161671259
referee_minBs 1.0743030316824551833926888919610955108325365932303799332862574984314892145922976 25252223138071566672870036659836090378480895470255764086528
referee_min2 0.075142200020003913897146217999727507074829756244133881332718975684760137611823392
referee_min3 0.088171025493994897109896194807074618837005881977236524211550082938705107541338099
referee_v0 2.5480285042489991495183160324678457698061676469962060873685916804897841845902230 -0.52485779997999608610285378200027249292517024375586611866728102431523986238817661 15.288171025493994897109896194807074618837005881977236524211550082938705107541338
referee_log3 2.0986122886681096913952452369225257046474905578227494517346943336374942932186090
referee_c845 0.84428483944214053238187502099645956630923276278608555388170227471349099502421017
referee_const 14.540991702758248026572670490486345095531919818687960602134837437010265512562725
referee_tailk 3.9606917736193846053803183496590240340351694317310103822538279724501856267172409e-5
referee_dFdk3 0.44992290492600609396640251316236253914708280876793052509637190742430523851214494
referee_vT 0 292 1.960226 0.958682 1.855797 0.987855
referee_vT 0 177857 7.877265 7.383768 7.752889 7.412941
referee_vT 0 1000000 9.590360 9.110575 9.465955 9.139749
referee_vT 1 657 1.954619 0.965367 1.849902 0.994540
referee_vT 1 177857 7.077583 6.572838 6.953252 6.602011
referee_vT 1 1000000 8.784229 8.299645 8.659832 8.328818
referee_vT 2 1167 1.952003 0.967087 1.847200 0.996260
referee_vT 2 177857 6.513486 5.997474 6.389215 6.026647
referee_vT 2 1000000 8.213688 7.724281 8.089302 7.753454
referee_vT 3.800000000000000000000000000000000000000 2454 1.950804 0.969128 1.845929 0.998301
referee_vT 3.800000000000000000000000000000000000000 177857 5.790538 5.254347 5.666420 5.283520
referee_vT 3.800000000000000000000000000000000000000 1000000 7.479239 6.981154 7.354880 7.010327
referee_vT 3.850000000000000000000000000000000000000 2496 1.950632 0.968961 1.845760 0.998134
referee_vT 3.850000000000000000000000000000000000000 177857 5.773929 5.237179 5.649816 5.266352
referee_vT 3.850000000000000000000000000000000000000 1000000 7.462312 6.963987 7.337954 6.993160
referee_vT 3.900000000000000000000000000000000000000 2539 1.950658 0.969050 1.845784 0.998223
referee_vT 3.900000000000000000000000000000000000000 177857 5.757465 5.220158 5.633357 5.249331
referee_vT 3.900000000000000000000000000000000000000 1000000 7.445531 6.946965 7.321174 6.976138
referee_vT 4.500000000000000000000000000000000000000 3082 1.950538 0.969469 1.845651 0.998642
referee_vT 4.500000000000000000000000000000000000000 177857 5.570450 5.026458 5.446406 5.055631
referee_vT 4.500000000000000000000000000000000000000 1000000 7.254718 6.753266 7.130372 6.782439
referee_vT 5 3574 1.950323 0.969563 1.845431 0.998736
referee_vT 5 177857 5.427788 4.878242 5.303803 4.907415
referee_vT 5 1000000 7.108904 6.605050 6.984569 6.634223
referee_vT 6 4668 1.950117 0.969851 1.845216 0.999024
referee_vT 6 177857 5.171790 4.611180 5.047935 4.640353
referee_vT 6 1000000 6.846636 6.337987 6.722324 6.367160
referee_vT 8 7293 1.949811 0.970120 1.844900 0.999293
referee_vT 8 177857 4.747460 4.164893 4.623916 4.194066
referee_vT 8 1000000 6.409903 5.891700 6.285647 5.920873
referee_vT 10 10502 1.949694 0.970339 1.844777 0.999512
referee_vT 10 177857 4.404551 3.800249 4.281385 3.829422
referee_vT 10 1000000 6.054766 5.527057 5.930578 5.556230
referee_vT 15 21076 1.949520 0.970547 1.844596 0.999720
referee_vT 15 177857 3.761352 3.103636 3.639427 3.132809
referee_vT 15 1000000 5.381709 4.830443 5.257744 4.859616
referee_vT 20 35297 1.949468 0.970659 1.844541 0.999832
referee_vT 20 177857 3.297903 2.587978 3.177626 2.617151
referee_vT 20 1000000 4.889326 4.314785 4.765660 4.343958
referee_comp 0 292 0.627192 0.493591
referee_comp 0 177857 0.647139 0.493591
referee_comp 0 1000000 0.647168 0.493591
referee_comp 1 657 0.627481 0.493591
referee_comp 1 177857 0.647096 0.493591
referee_comp 1 1000000 0.647161 0.493591
referee_comp 2 1167 0.627567 0.493591
referee_comp 2 177857 0.647035 0.493591
referee_comp 2 1000000 0.647150 0.493591
referee_comp 3.800000000000000000000000000000000000000 2454 0.627638 0.493591
referee_comp 3.800000000000000000000000000000000000000 177857 0.646882 0.493591
referee_comp 3.800000000000000000000000000000000000000 1000000 0.647123 0.493591
referee_comp 3.850000000000000000000000000000000000000 2496 0.627636 0.493591
referee_comp 3.850000000000000000000000000000000000000 177857 0.646877 0.493591
referee_comp 3.850000000000000000000000000000000000000 1000000 0.647122 0.493591
referee_comp 3.900000000000000000000000000000000000000 2539 0.627638 0.493591
referee_comp 3.900000000000000000000000000000000000000 177857 0.646872 0.493591
referee_comp 3.900000000000000000000000000000000000000 1000000 0.647121 0.493591
referee_comp 4.500000000000000000000000000000000000000 3082 0.627650 0.493591
referee_comp 4.500000000000000000000000000000000000000 177857 0.646807 0.493591
referee_comp 4.500000000000000000000000000000000000000 1000000 0.647109 0.493591
referee_comp 5 3574 0.627655 0.493591
referee_comp 5 177857 0.646749 0.493591
referee_comp 5 1000000 0.647099 0.493591
referee_comp 6 4668 0.627665 0.493591
referee_comp 6 177857 0.646619 0.493591
referee_comp 6 1000000 0.647076 0.493591
referee_comp 8 7293 0.627675 0.493591
referee_comp 8 177857 0.646308 0.493591
referee_comp 8 1000000 0.647020 0.493591
referee_comp 10 10502 0.627681 0.493591
referee_comp 10 177857 0.645929 0.493591
referee_comp 10 1000000 0.646952 0.493591
referee_comp 15 21076 0.627688 0.493591
referee_comp 15 177857 0.644689 0.493591
referee_comp 15 1000000 0.646729 0.493591
referee_comp 20 35297 0.627691 0.493591
referee_comp 20 177857 0.643041 0.493591
referee_comp 20 1000000 0.646429 0.493591
referee_bayes 0 6 0.340547 0.091854 0.209664 0.162151
referee_bayes 0 10 0.487216 0.191630 0.311422 0.240544
referee_bayes 3.900000000000000000000000000000000000000 8 0.052510 -0.082865 0.033254 0.025803
referee_bayes 3.900000000000000000000000000000000000000 12 0.074986 -0.067710 0.047635 0.036978
referee_bayes 8 12 0.024805 -0.099791 0.016835 0.013065
referee_bayes 3.900000000000000000000000000000000000000 14 0.085975 -0.060253 0.054738 0.042501
referee_bayescomp 0 6 0.653646 0.452466
referee_bayescomp 0 10 0.698558 0.473849
referee_bayescomp 3.900000000000000000000000000000000000000 8 0.542020 0.414096
referee_bayescomp 3.900000000000000000000000000000000000000 12 0.550115 0.418076
referee_bayescomp 8 12 0.530734 0.409908
referee_bayescomp 3.900000000000000000000000000000000000000 14 0.554001 0.420010
referee_vTT0 0.5367156212648417390836977677383162462672
